year,month,day=  2019 11  2
lat, East lon.=   -45.871153182  170.502067992
     0.0  0.016218  0.041657  0.023982
    60.0  0.016341  0.041649  0.024804
   120.0  0.016464  0.041638  0.025627
   180.0  0.016587  0.041626  0.026449
   240.0  0.016711  0.041612  0.027271
   300.0  0.016834  0.041597  0.028093
   360.0  0.016959  0.041579  0.028914
   420.0  0.017083  0.041560  0.029735
   480.0  0.017207  0.041539  0.030555
   540.0  0.017332  0.041517  0.031375
   600.0  0.017457  0.041492  0.032195
   660.0  0.017582  0.041466  0.033014
   720.0  0.017708  0.041438  0.033832
   780.0  0.017834  0.041408  0.034650
   840.0  0.017959  0.041377  0.035467
   900.0  0.018085  0.041343  0.036283
   960.0  0.018212  0.041308  0.037099
  1020.0  0.018338  0.041271  0.037914
  1080.0  0.018465  0.041232  0.038728
  1140.0  0.018591  0.041192  0.039541
  1200.0  0.018718  0.041150  0.040354
  1260.0  0.018845  0.041106  0.041165
  1320.0  0.018972  0.041060  0.041976
  1380.0  0.019099  0.041012  0.042786
  1440.0  0.019226  0.040963  0.043594
  1500.0  0.019354  0.040911  0.044402
  1560.0  0.019481  0.040858  0.045208
  1620.0  0.019609  0.040804  0.046014
  1680.0  0.019736  0.040747  0.046818
  1740.0  0.019864  0.040689  0.047621
  1800.0  0.019992  0.040629  0.048423
  1860.0  0.020120  0.040567  0.049223
  1920.0  0.020247  0.040503  0.050023
  1980.0  0.020375  0.040437  0.050820
  2040.0  0.020503  0.040370  0.051617
  2100.0  0.020631  0.040301  0.052412
  2160.0  0.020759  0.040230  0.053206
  2220.0  0.020886  0.040158  0.053998
  2280.0  0.021014  0.040084  0.054788
  2340.0  0.021142  0.040007  0.055578
  2400.0  0.021270  0.039930  0.056365
  2460.0  0.021397  0.039850  0.057151
  2520.0  0.021525  0.039769  0.057935
  2580.0  0.021653  0.039685  0.058718
  2640.0  0.021780  0.039601  0.059498
  2700.0  0.021908  0.039514  0.060277
  2760.0  0.022035  0.039425  0.061055
  2820.0  0.022162  0.039335  0.061830
  2880.0  0.022289  0.039243  0.062604
  2940.0  0.022416  0.039150  0.063375
  3000.0  0.022543  0.039054  0.064145
  3060.0  0.022670  0.038957  0.064912
  3120.0  0.022796  0.038858  0.065678
  3180.0  0.022923  0.038758  0.066442
  3240.0  0.023049  0.038655  0.067203
  3300.0  0.023175  0.038551  0.067962
  3360.0  0.023301  0.038446  0.068720
  3420.0  0.023427  0.038338  0.069475
  3480.0  0.023553  0.038229  0.070227
  3540.0  0.023678  0.038118  0.070978
  3600.0  0.023803  0.038005  0.071726
  3660.0  0.023928  0.037891  0.072472
  3720.0  0.024053  0.037775  0.073216
  3780.0  0.024177  0.037657  0.073957
  3840.0  0.024302  0.037538  0.074695
  3900.0  0.024426  0.037417  0.075432
  3960.0  0.024549  0.037294  0.076165
  4020.0  0.024673  0.037170  0.076896
  4080.0  0.024796  0.037044  0.077625
  4140.0  0.024919  0.036916  0.078351
  4200.0  0.025041  0.036786  0.079074
  4260.0  0.025164  0.036655  0.079795
  4320.0  0.025286  0.036523  0.080513
  4380.0  0.025407  0.036388  0.081228
  4440.0  0.025529  0.036252  0.081941
  4500.0  0.025650  0.036115  0.082650
  4560.0  0.025770  0.035975  0.083357
  4620.0  0.025890  0.035835  0.084061
  4680.0  0.026010  0.035692  0.084762
  4740.0  0.026130  0.035548  0.085460
  4800.0  0.026249  0.035402  0.086155
  4860.0  0.026368  0.035255  0.086848
  4920.0  0.026486  0.035106  0.087537
  4980.0  0.026604  0.034956  0.088223
  5040.0  0.026722  0.034803  0.088906
  5100.0  0.026839  0.034650  0.089585
  5160.0  0.026956  0.034495  0.090262
  5220.0  0.027072  0.034338  0.090935
  5280.0  0.027188  0.034180  0.091606
  5340.0  0.027303  0.034020  0.092273
  5400.0  0.027418  0.033858  0.092936
  5460.0  0.027533  0.033695  0.093597
  5520.0  0.027647  0.033531  0.094254
  5580.0  0.027760  0.033365  0.094907
  5640.0  0.027874  0.033198  0.095557
  5700.0  0.027986  0.033029  0.096204
  5760.0  0.028098  0.032858  0.096847
  5820.0  0.028210  0.032686  0.097487
  5880.0  0.028321  0.032513  0.098123
  5940.0  0.028431  0.032338  0.098756
  6000.0  0.028541  0.032161  0.099385
  6060.0  0.028651  0.031984  0.100011
  6120.0  0.028760  0.031804  0.100632
  6180.0  0.028868  0.031624  0.101251
  6240.0  0.028976  0.031441  0.101865
  6300.0  0.029083  0.031258  0.102476
  6360.0  0.029190  0.031073  0.103083
  6420.0  0.029296  0.030887  0.103686
  6480.0  0.029401  0.030699  0.104285
  6540.0  0.029506  0.030510  0.104881
  6600.0  0.029610  0.030319  0.105472
  6660.0  0.029714  0.030127  0.106060
  6720.0  0.029817  0.029934  0.106644
  6780.0  0.029919  0.029739  0.107223
  6840.0  0.030021  0.029543  0.107799
  6900.0  0.030122  0.029346  0.108371
  6960.0  0.030223  0.029147  0.108939
  7020.0  0.030323  0.028947  0.109502
  7080.0  0.030422  0.028746  0.110062
  7140.0  0.030520  0.028544  0.110617
  7200.0  0.030618  0.028340  0.111169
  7260.0  0.030716  0.028135  0.111716
  7320.0  0.030812  0.027928  0.112259
  7380.0  0.030908  0.027720  0.112797
  7440.0  0.031003  0.027512  0.113332
  7500.0  0.031097  0.027301  0.113862
  7560.0  0.031191  0.027090  0.114388
  7620.0  0.031284  0.026877  0.114909
  7680.0  0.031376  0.026664  0.115427
  7740.0  0.031468  0.026449  0.115940
  7800.0  0.031559  0.026232  0.116448
  7860.0  0.031649  0.026015  0.116952
  7920.0  0.031738  0.025796  0.117452
  7980.0  0.031827  0.025577  0.117947
  8040.0  0.031914  0.025356  0.118437
  8100.0  0.032002  0.025134  0.118923
  8160.0  0.032088  0.024911  0.119405
  8220.0  0.032173  0.024687  0.119882
  8280.0  0.032258  0.024461  0.120354
  8340.0  0.032342  0.024235  0.120822
  8400.0  0.032425  0.024007  0.121285
  8460.0  0.032508  0.023779  0.121744
  8520.0  0.032589  0.023549  0.122198
  8580.0  0.032670  0.023318  0.122647
  8640.0  0.032750  0.023087  0.123092
  8700.0  0.032829  0.022854  0.123531
  8760.0  0.032907  0.022620  0.123966
  8820.0  0.032985  0.022385  0.124397
  8880.0  0.033061  0.022149  0.124822
  8940.0  0.033137  0.021913  0.125243
  9000.0  0.033212  0.021675  0.125659
  9060.0  0.033286  0.021436  0.126070
  9120.0  0.033360  0.021197  0.126476
  9180.0  0.033432  0.020956  0.126877
  9240.0  0.033504  0.020714  0.127273
  9300.0  0.033574  0.020472  0.127665
  9360.0  0.033644  0.020229  0.128051
  9420.0  0.033713  0.019984  0.128433
  9480.0  0.033781  0.019739  0.128809
  9540.0  0.033848  0.019493  0.129181
  9600.0  0.033915  0.019247  0.129547
  9660.0  0.033980  0.018999  0.129909
  9720.0  0.034045  0.018750  0.130265
  9780.0  0.034108  0.018501  0.130617
  9840.0  0.034171  0.018251  0.130963
  9900.0  0.034233  0.018000  0.131304
  9960.0  0.034294  0.017748  0.131641
 10020.0  0.034354  0.017496  0.131972
 10080.0  0.034413  0.017243  0.132297
 10140.0  0.034471  0.016989  0.132618
 10200.0  0.034528  0.016734  0.132934
 10260.0  0.034584  0.016479  0.133244
 10320.0  0.034640  0.016223  0.133549
 10380.0  0.034694  0.015966  0.133849
 10440.0  0.034748  0.015708  0.134144
 10500.0  0.034800  0.015450  0.134434
 10560.0  0.034852  0.015191  0.134718
 10620.0  0.034903  0.014932  0.134997
 10680.0  0.034952  0.014672  0.135271
 10740.0  0.035001  0.014411  0.135539
 10800.0  0.035049  0.014150  0.135803
 10860.0  0.035096  0.013888  0.136060
 10920.0  0.035142  0.013625  0.136313
 10980.0  0.035186  0.013362  0.136560
 11040.0  0.035230  0.013099  0.136802
 11100.0  0.035273  0.012835  0.137039
 11160.0  0.035315  0.012570  0.137270
 11220.0  0.035356  0.012305  0.137496
 11280.0  0.035396  0.012039  0.137716
 11340.0  0.035435  0.011773  0.137931
 11400.0  0.035474  0.011506  0.138141
 11460.0  0.035511  0.011239  0.138345
 11520.0  0.035547  0.010972  0.138544
 11580.0  0.035582  0.010704  0.138738
 11640.0  0.035616  0.010435  0.138926
 11700.0  0.035649  0.010166  0.139108
 11760.0  0.035681  0.009897  0.139285
 11820.0  0.035712  0.009628  0.139457
 11880.0  0.035743  0.009358  0.139623
 11940.0  0.035772  0.009087  0.139784
 12000.0  0.035800  0.008817  0.139939
 12060.0  0.035827  0.008546  0.140089
 12120.0  0.035853  0.008274  0.140233
 12180.0  0.035878  0.008003  0.140372
 12240.0  0.035902  0.007731  0.140506
 12300.0  0.035925  0.007459  0.140633
 12360.0  0.035948  0.007186  0.140756
 12420.0  0.035969  0.006914  0.140873
 12480.0  0.035989  0.006641  0.140984
 12540.0  0.036008  0.006367  0.141090
 12600.0  0.036026  0.006094  0.141190
 12660.0  0.036043  0.005821  0.141285
 12720.0  0.036059  0.005547  0.141374
 12780.0  0.036074  0.005273  0.141458
 12840.0  0.036088  0.004999  0.141536
 12900.0  0.036101  0.004725  0.141608
 12960.0  0.036113  0.004450  0.141675
 13020.0  0.036124  0.004176  0.141737
 13080.0  0.036134  0.003901  0.141793
 13140.0  0.036143  0.003627  0.141844
 13200.0  0.036151  0.003352  0.141889
 13260.0  0.036158  0.003077  0.141928
 13320.0  0.036163  0.002802  0.141962
 13380.0  0.036168  0.002527  0.141990
 13440.0  0.036172  0.002253  0.142013
 13500.0  0.036175  0.001978  0.142030
 13560.0  0.036177  0.001703  0.142042
 13620.0  0.036177  0.001428  0.142048
 13680.0  0.036177  0.001153  0.142049
 13740.0  0.036176  0.000878  0.142044
 13800.0  0.036174  0.000604  0.142033
 13860.0  0.036170  0.000329  0.142017
 13920.0  0.036166  0.000054  0.141996
 13980.0  0.036161 -0.000220  0.141969
 14040.0  0.036155 -0.000494  0.141936
 14100.0  0.036147 -0.000769  0.141898
 14160.0  0.036139 -0.001043  0.141855
 14220.0  0.036130 -0.001317  0.141806
 14280.0  0.036119 -0.001591  0.141751
 14340.0  0.036108 -0.001864  0.141691
 14400.0  0.036095 -0.002138  0.141625
 14460.0  0.036082 -0.002411  0.141554
 14520.0  0.036068 -0.002684  0.141478
 14580.0  0.036052 -0.002956  0.141396
 14640.0  0.036036 -0.003229  0.141308
 14700.0  0.036019 -0.003501  0.141215
 14760.0  0.036000 -0.003773  0.141117
 14820.0  0.035981 -0.004045  0.141013
 14880.0  0.035960 -0.004316  0.140903
 14940.0  0.035939 -0.004587  0.140789
 15000.0  0.035917 -0.004858  0.140668
 15060.0  0.035893 -0.005129  0.140543
 15120.0  0.035869 -0.005399  0.140412
 15180.0  0.035844 -0.005668  0.140275
 15240.0  0.035818 -0.005938  0.140133
 15300.0  0.035790 -0.006207  0.139986
 15360.0  0.035762 -0.006475  0.139833
 15420.0  0.035733 -0.006743  0.139675
 15480.0  0.035703 -0.007011  0.139512
 15540.0  0.035672 -0.007278  0.139343
 15600.0  0.035640 -0.007545  0.139169
 15660.0  0.035606 -0.007811  0.138990
 15720.0  0.035572 -0.008077  0.138805
 15780.0  0.035537 -0.008343  0.138615
 15840.0  0.035502 -0.008607  0.138419
 15900.0  0.035465 -0.008872  0.138219
 15960.0  0.035427 -0.009136  0.138013
 16020.0  0.035388 -0.009399  0.137802
 16080.0  0.035348 -0.009662  0.137585
 16140.0  0.035308 -0.009924  0.137364
 16200.0  0.035266 -0.010185  0.137137
 16260.0  0.035223 -0.010446  0.136905
 16320.0  0.035180 -0.010707  0.136667
 16380.0  0.035136 -0.010967  0.136425
 16440.0  0.035090 -0.011226  0.136177
 16500.0  0.035044 -0.011484  0.135924
 16560.0  0.034997 -0.011742  0.135666
 16620.0  0.034949 -0.011999  0.135403
 16680.0  0.034900 -0.012256  0.135135
 16740.0  0.034850 -0.012512  0.134861
 16800.0  0.034799 -0.012767  0.134583
 16860.0  0.034748 -0.013021  0.134299
 16920.0  0.034695 -0.013275  0.134011
 16980.0  0.034642 -0.013528  0.133717
 17040.0  0.034587 -0.013780  0.133419
 17100.0  0.034532 -0.014032  0.133115
 17160.0  0.034476 -0.014283  0.132806
 17220.0  0.034419 -0.014532  0.132493
 17280.0  0.034361 -0.014782  0.132174
 17340.0  0.034303 -0.015030  0.131851
 17400.0  0.034243 -0.015277  0.131522
 17460.0  0.034183 -0.015524  0.131189
 17520.0  0.034121 -0.015770  0.130851
 17580.0  0.034059 -0.016015  0.130508
 17640.0  0.033996 -0.016259  0.130160
 17700.0  0.033933 -0.016502  0.129807
 17760.0  0.033868 -0.016745  0.129450
 17820.0  0.033803 -0.016986  0.129087
 17880.0  0.033736 -0.017227  0.128720
 17940.0  0.033669 -0.017467  0.128348
 18000.0  0.033602 -0.017705  0.127972
 18060.0  0.033533 -0.017943  0.127590
 18120.0  0.033463 -0.018180  0.127204
 18180.0  0.033393 -0.018416  0.126814
 18240.0  0.033322 -0.018651  0.126418
 18300.0  0.033250 -0.018885  0.126018
 18360.0  0.033178 -0.019118  0.125614
 18420.0  0.033104 -0.019350  0.125205
 18480.0  0.033030 -0.019581  0.124791
 18540.0  0.032955 -0.019811  0.124373
 18600.0  0.032880 -0.020040  0.123950
 18660.0  0.032803 -0.020268  0.123523
 18720.0  0.032726 -0.020494  0.123091
 18780.0  0.032648 -0.020720  0.122655
 18840.0  0.032569 -0.020945  0.122214
 18900.0  0.032490 -0.021169  0.121769
 18960.0  0.032410 -0.021391  0.121320
 19020.0  0.032329 -0.021612  0.120866
 19080.0  0.032248 -0.021833  0.120408
 19140.0  0.032165 -0.022052  0.119945
 19200.0  0.032083 -0.022270  0.119479
 19260.0  0.031999 -0.022487  0.119008
 19320.0  0.031915 -0.022703  0.118532
 19380.0  0.031830 -0.022918  0.118053
 19440.0  0.031744 -0.023131  0.117569
 19500.0  0.031658 -0.023343  0.117081
 19560.0  0.031571 -0.023554  0.116589
 19620.0  0.031483 -0.023764  0.116093
 19680.0  0.031395 -0.023973  0.115593
 19740.0  0.031306 -0.024181  0.115089
 19800.0  0.031216 -0.024387  0.114581
 19860.0  0.031126 -0.024592  0.114069
 19920.0  0.031035 -0.024796  0.113552
 19980.0  0.030944 -0.024999  0.113032
 20040.0  0.030852 -0.025200  0.112508
 20100.0  0.030759 -0.025400  0.111980
 20160.0  0.030666 -0.025599  0.111448
 20220.0  0.030572 -0.025796  0.110912
 20280.0  0.030478 -0.025993  0.110373
 20340.0  0.030383 -0.026188  0.109829
 20400.0  0.030287 -0.026381  0.109282
 20460.0  0.030191 -0.026574  0.108731
 20520.0  0.030094 -0.026765  0.108176
 20580.0  0.029997 -0.026955  0.107618
 20640.0  0.029899 -0.027143  0.107056
 20700.0  0.029801 -0.027330  0.106490
 20760.0  0.029702 -0.027516  0.105921
 20820.0  0.029603 -0.027700  0.105348
 20880.0  0.029503 -0.027883  0.104772
 20940.0  0.029402 -0.028065  0.104192
 21000.0  0.029302 -0.028245  0.103609
 21060.0  0.029200 -0.028424  0.103022
 21120.0  0.029098 -0.028602  0.102432
 21180.0  0.028996 -0.028778  0.101838
 21240.0  0.028893 -0.028952  0.101241
 21300.0  0.028790 -0.029126  0.100641
 21360.0  0.028686 -0.029298  0.100037
 21420.0  0.028582 -0.029468  0.099430
 21480.0  0.028477 -0.029637  0.098820
 21540.0  0.028372 -0.029805  0.098207
 21600.0  0.028267 -0.029971  0.097590
 21660.0  0.028161 -0.030136  0.096970
 21720.0  0.028055 -0.030299  0.096347
 21780.0  0.027948 -0.030461  0.095721
 21840.0  0.027841 -0.030621  0.095092
 21900.0  0.027733 -0.030780  0.094460
 21960.0  0.027625 -0.030938  0.093825
 22020.0  0.027517 -0.031094  0.093187
 22080.0  0.027409 -0.031248  0.092546
 22140.0  0.027300 -0.031401  0.091902
 22200.0  0.027190 -0.031553  0.091255
 22260.0  0.027081 -0.031703  0.090605
 22320.0  0.026970 -0.031851  0.089953
 22380.0  0.026860 -0.031998  0.089298
 22440.0  0.026749 -0.032144  0.088639
 22500.0  0.026639 -0.032288  0.087979
 22560.0  0.026527 -0.032430  0.087315
 22620.0  0.026416 -0.032571  0.086649
 22680.0  0.026304 -0.032710  0.085980
 22740.0  0.026192 -0.032848  0.085309
 22800.0  0.026079 -0.032984  0.084635
 22860.0  0.025967 -0.033119  0.083959
 22920.0  0.025854 -0.033252  0.083280
 22980.0  0.025740 -0.033384  0.082598
 23040.0  0.025627 -0.033514  0.081914
 23100.0  0.025513 -0.033643  0.081228
 23160.0  0.025399 -0.033770  0.080540
 23220.0  0.025285 -0.033895  0.079849
 23280.0  0.025171 -0.034019  0.079155
 23340.0  0.025056 -0.034141  0.078460
 23400.0  0.024942 -0.034262  0.077762
 23460.0  0.024827 -0.034381  0.077062
 23520.0  0.024712 -0.034499  0.076360
 23580.0  0.024597 -0.034615  0.075656
 23640.0  0.024481 -0.034729  0.074949
 23700.0  0.024366 -0.034842  0.074241
 23760.0  0.024250 -0.034953  0.073530
 23820.0  0.024134 -0.035062  0.072818
 23880.0  0.024018 -0.035170  0.072103
 23940.0  0.023902 -0.035277  0.071387
 24000.0  0.023786 -0.035382  0.070669
 24060.0  0.023669 -0.035485  0.069949
 24120.0  0.023553 -0.035586  0.069226
 24180.0  0.023436 -0.035686  0.068503
 24240.0  0.023320 -0.035785  0.067777
 24300.0  0.023203 -0.035881  0.067050
 24360.0  0.023086 -0.035976  0.066321
 24420.0  0.022969 -0.036070  0.065590
 24480.0  0.022853 -0.036162  0.064858
 24540.0  0.022736 -0.036252  0.064124
 24600.0  0.022619 -0.036341  0.063388
 24660.0  0.022502 -0.036428  0.062651
 24720.0  0.022385 -0.036513  0.061912
 24780.0  0.022268 -0.036597  0.061172
 24840.0  0.022151 -0.036679  0.060431
 24900.0  0.022034 -0.036759  0.059688
 24960.0  0.021917 -0.036838  0.058944
 25020.0  0.021800 -0.036916  0.058198
 25080.0  0.021683 -0.036991  0.057451
 25140.0  0.021566 -0.037065  0.056703
 25200.0  0.021449 -0.037138  0.055954
 25260.0  0.021332 -0.037208  0.055203
 25320.0  0.021216 -0.037277  0.054452
 25380.0  0.021099 -0.037345  0.053699
 25440.0  0.020982 -0.037411  0.052945
 25500.0  0.020866 -0.037475  0.052190
 25560.0  0.020750 -0.037537  0.051434
 25620.0  0.020633 -0.037598  0.050677
 25680.0  0.020517 -0.037658  0.049918
 25740.0  0.020401 -0.037715  0.049160
 25800.0  0.020285 -0.037771  0.048400
 25860.0  0.020169 -0.037826  0.047639
 25920.0  0.020053 -0.037879  0.046877
 25980.0  0.019938 -0.037930  0.046115
 26040.0  0.019823 -0.037979  0.045352
 26100.0  0.019707 -0.038027  0.044588
 26160.0  0.019592 -0.038074  0.043824
 26220.0  0.019477 -0.038118  0.043058
 26280.0  0.019363 -0.038162  0.042293
 26340.0  0.019248 -0.038203  0.041526
 26400.0  0.019134 -0.038243  0.040759
 26460.0  0.019020 -0.038281  0.039992
 26520.0  0.018906 -0.038318  0.039224
 26580.0  0.018792 -0.038353  0.038455
 26640.0  0.018679 -0.038386  0.037686
 26700.0  0.018566 -0.038418  0.036917
 26760.0  0.018453 -0.038448  0.036147
 26820.0  0.018340 -0.038477  0.035377
 26880.0  0.018228 -0.038504  0.034607
 26940.0  0.018115 -0.038529  0.033837
 27000.0  0.018004 -0.038553  0.033066
 27060.0  0.017892 -0.038575  0.032295
 27120.0  0.017781 -0.038596  0.031524
 27180.0  0.017670 -0.038615  0.030752
 27240.0  0.017559 -0.038632  0.029981
 27300.0  0.017449 -0.038648  0.029210
 27360.0  0.017339 -0.038662  0.028438
 27420.0  0.017229 -0.038675  0.027667
 27480.0  0.017119 -0.038686  0.026895
 27540.0  0.017010 -0.038696  0.026124
 27600.0  0.016902 -0.038703  0.025352
 27660.0  0.016793 -0.038710  0.024581
 27720.0  0.016685 -0.038715  0.023810
 27780.0  0.016578 -0.038718  0.023039
 27840.0  0.016470 -0.038720  0.022269
 27900.0  0.016364 -0.038720  0.021498
 27960.0  0.016257 -0.038719  0.020728
 28020.0  0.016151 -0.038716  0.019958
 28080.0  0.016045 -0.038711  0.019189
 28140.0  0.015940 -0.038705  0.018420
 28200.0  0.015835 -0.038698  0.017651
 28260.0  0.015731 -0.038689  0.016883
 28320.0  0.015627 -0.038678  0.016115
 28380.0  0.015523 -0.038666  0.015348
 28440.0  0.015420 -0.038653  0.014581
 28500.0  0.015318 -0.038638  0.013815
 28560.0  0.015216 -0.038621  0.013049
 28620.0  0.015114 -0.038603  0.012284
 28680.0  0.015013 -0.038584  0.011520
 28740.0  0.014912 -0.038563  0.010756
 28800.0  0.014812 -0.038540  0.009994
 28860.0  0.014712 -0.038516  0.009231
 28920.0  0.014613 -0.038491  0.008470
 28980.0  0.014514 -0.038464  0.007709
 29040.0  0.014416 -0.038435  0.006950
 29100.0  0.014318 -0.038406  0.006191
 29160.0  0.014221 -0.038374  0.005433
 29220.0  0.014124 -0.038342  0.004675
 29280.0  0.014028 -0.038307  0.003919
 29340.0  0.013932 -0.038272  0.003164
 29400.0  0.013837 -0.038235  0.002410
 29460.0  0.013743 -0.038196  0.001657
 29520.0  0.013649 -0.038157  0.000905
 29580.0  0.013555 -0.038115  0.000154
 29640.0  0.013463 -0.038073 -0.000596
 29700.0  0.013370 -0.038029 -0.001345
 29760.0  0.013279 -0.037983 -0.002093
 29820.0  0.013188 -0.037936 -0.002839
 29880.0  0.013097 -0.037888 -0.003584
 29940.0  0.013007 -0.037838 -0.004328
 30000.0  0.012918 -0.037788 -0.005071
 30060.0  0.012829 -0.037735 -0.005812
 30120.0  0.012741 -0.037682 -0.006552
 30180.0  0.012654 -0.037627 -0.007290
 30240.0  0.012567 -0.037570 -0.008028
 30300.0  0.012481 -0.037513 -0.008763
 30360.0  0.012396 -0.037454 -0.009498
 30420.0  0.012311 -0.037393 -0.010231
 30480.0  0.012227 -0.037332 -0.010962
 30540.0  0.012143 -0.037269 -0.011692
 30600.0  0.012060 -0.037204 -0.012420
 30660.0  0.011978 -0.037139 -0.013147
 30720.0  0.011896 -0.037072 -0.013872
 30780.0  0.011816 -0.037004 -0.014596
 30840.0  0.011735 -0.036935 -0.015317
 30900.0  0.011656 -0.036864 -0.016038
 30960.0  0.011577 -0.036792 -0.016756
 31020.0  0.011499 -0.036719 -0.017473
 31080.0  0.011422 -0.036645 -0.018188
 31140.0  0.011345 -0.036569 -0.018901
 31200.0  0.011269 -0.036493 -0.019612
 31260.0  0.011194 -0.036415 -0.020322
 31320.0  0.011119 -0.036335 -0.021030
 31380.0  0.011045 -0.036255 -0.021736
 31440.0  0.010972 -0.036173 -0.022440
 31500.0  0.010900 -0.036091 -0.023142
 31560.0  0.010828 -0.036007 -0.023842
 31620.0  0.010757 -0.035922 -0.024540
 31680.0  0.010687 -0.035835 -0.025236
 31740.0  0.010618 -0.035748 -0.025931
 31800.0  0.010549 -0.035659 -0.026623
 31860.0  0.010481 -0.035570 -0.027313
 31920.0  0.010414 -0.035479 -0.028001
 31980.0  0.010348 -0.035387 -0.028687
 32040.0  0.010282 -0.035294 -0.029371
 32100.0  0.010217 -0.035200 -0.030052
 32160.0  0.010153 -0.035105 -0.030732
 32220.0  0.010090 -0.035009 -0.031409
 32280.0  0.010027 -0.034911 -0.032084
 32340.0  0.009966 -0.034813 -0.032757
 32400.0  0.009905 -0.034713 -0.033428
 32460.0  0.009845 -0.034613 -0.034096
 32520.0  0.009785 -0.034511 -0.034763
 32580.0  0.009727 -0.034409 -0.035426
 32640.0  0.009669 -0.034305 -0.036088
 32700.0  0.009612 -0.034201 -0.036747
 32760.0  0.009556 -0.034095 -0.037404
 32820.0  0.009501 -0.033988 -0.038058
 32880.0  0.009446 -0.033881 -0.038710
 32940.0  0.009393 -0.033772 -0.039360
 33000.0  0.009340 -0.033663 -0.040007
 33060.0  0.009288 -0.033552 -0.040652
 33120.0  0.009236 -0.033441 -0.041294
 33180.0  0.009186 -0.033329 -0.041934
 33240.0  0.009137 -0.033215 -0.042571
 33300.0  0.009088 -0.033101 -0.043206
 33360.0  0.009040 -0.032986 -0.043838
 33420.0  0.008993 -0.032870 -0.044468
 33480.0  0.008947 -0.032753 -0.045095
 33540.0  0.008902 -0.032635 -0.045719
 33600.0  0.008857 -0.032517 -0.046341
 33660.0  0.008814 -0.032397 -0.046960
 33720.0  0.008771 -0.032277 -0.047577
 33780.0  0.008729 -0.032156 -0.048191
 33840.0  0.008688 -0.032034 -0.048802
 33900.0  0.008648 -0.031911 -0.049411
 33960.0  0.008608 -0.031787 -0.050016
 34020.0  0.008570 -0.031663 -0.050620
 34080.0  0.008532 -0.031538 -0.051220
 34140.0  0.008496 -0.031412 -0.051818
 34200.0  0.008460 -0.031285 -0.052413
 34260.0  0.008425 -0.031158 -0.053005
 34320.0  0.008391 -0.031029 -0.053594
 34380.0  0.008357 -0.030900 -0.054181
 34440.0  0.008325 -0.030770 -0.054764
 34500.0  0.008294 -0.030640 -0.055345
 34560.0  0.008263 -0.030509 -0.055923
 34620.0  0.008233 -0.030377 -0.056498
 34680.0  0.008204 -0.030244 -0.057071
 34740.0  0.008176 -0.030111 -0.057640
 34800.0  0.008149 -0.029977 -0.058207
 34860.0  0.008123 -0.029843 -0.058770
 34920.0  0.008098 -0.029707 -0.059331
 34980.0  0.008073 -0.029571 -0.059889
 35040.0  0.008050 -0.029435 -0.060443
 35100.0  0.008027 -0.029298 -0.060995
 35160.0  0.008005 -0.029160 -0.061544
 35220.0  0.007984 -0.029022 -0.062090
 35280.0  0.007964 -0.028883 -0.062633
 35340.0  0.007945 -0.028743 -0.063173
 35400.0  0.007927 -0.028603 -0.063710
 35460.0  0.007910 -0.028462 -0.064244
 35520.0  0.007893 -0.028321 -0.064775
 35580.0  0.007878 -0.028179 -0.065303
 35640.0  0.007863 -0.028037 -0.065828
 35700.0  0.007849 -0.027894 -0.066349
 35760.0  0.007836 -0.027751 -0.066868
 35820.0  0.007824 -0.027607 -0.067384
 35880.0  0.007813 -0.027463 -0.067896
 35940.0  0.007803 -0.027318 -0.068406
 36000.0  0.007794 -0.027173 -0.068912
 36060.0  0.007785 -0.027027 -0.069416
 36120.0  0.007778 -0.026881 -0.069916
 36180.0  0.007771 -0.026735 -0.070413
 36240.0  0.007765 -0.026588 -0.070907
 36300.0  0.007760 -0.026440 -0.071398
 36360.0  0.007756 -0.026292 -0.071885
 36420.0  0.007753 -0.026144 -0.072370
 36480.0  0.007751 -0.025995 -0.072851
 36540.0  0.007750 -0.025846 -0.073330
 36600.0  0.007749 -0.025697 -0.073805
 36660.0  0.007750 -0.025547 -0.074277
 36720.0  0.007751 -0.025397 -0.074745
 36780.0  0.007753 -0.025247 -0.075211
 36840.0  0.007756 -0.025096 -0.075673
 36900.0  0.007760 -0.024945 -0.076133
 36960.0  0.007765 -0.024794 -0.076589
 37020.0  0.007771 -0.024642 -0.077041
 37080.0  0.007777 -0.024490 -0.077491
 37140.0  0.007785 -0.024338 -0.077937
 37200.0  0.007793 -0.024185 -0.078381
 37260.0  0.007802 -0.024033 -0.078821
 37320.0  0.007812 -0.023880 -0.079257
 37380.0  0.007823 -0.023727 -0.079691
 37440.0  0.007835 -0.023573 -0.080121
 37500.0  0.007848 -0.023420 -0.080549
 37560.0  0.007861 -0.023266 -0.080972
 37620.0  0.007876 -0.023112 -0.081393
 37680.0  0.007891 -0.022957 -0.081811
 37740.0  0.007907 -0.022803 -0.082225
 37800.0  0.007924 -0.022648 -0.082636
 37860.0  0.007942 -0.022494 -0.083044
 37920.0  0.007961 -0.022339 -0.083448
 37980.0  0.007980 -0.022184 -0.083850
 38040.0  0.008001 -0.022029 -0.084248
 38100.0  0.008022 -0.021874 -0.084642
 38160.0  0.008044 -0.021718 -0.085034
 38220.0  0.008067 -0.021563 -0.085422
 38280.0  0.008091 -0.021407 -0.085808
 38340.0  0.008115 -0.021252 -0.086190
 38400.0  0.008141 -0.021096 -0.086568
 38460.0  0.008167 -0.020940 -0.086944
 38520.0  0.008194 -0.020785 -0.087316
 38580.0  0.008222 -0.020629 -0.087685
 38640.0  0.008251 -0.020473 -0.088051
 38700.0  0.008280 -0.020317 -0.088413
 38760.0  0.008310 -0.020161 -0.088772
 38820.0  0.008342 -0.020005 -0.089129
 38880.0  0.008374 -0.019850 -0.089481
 38940.0  0.008406 -0.019694 -0.089831
 39000.0  0.008440 -0.019538 -0.090177
 39060.0  0.008474 -0.019382 -0.090521
 39120.0  0.008510 -0.019227 -0.090861
 39180.0  0.008546 -0.019071 -0.091197
 39240.0  0.008582 -0.018915 -0.091531
 39300.0  0.008620 -0.018760 -0.091861
 39360.0  0.008658 -0.018605 -0.092189
 39420.0  0.008697 -0.018449 -0.092513
 39480.0  0.008737 -0.018294 -0.092833
 39540.0  0.008778 -0.018139 -0.093151
 39600.0  0.008820 -0.017984 -0.093465
 39660.0  0.008862 -0.017829 -0.093777
 39720.0  0.008905 -0.017674 -0.094085
 39780.0  0.008949 -0.017520 -0.094390
 39840.0  0.008993 -0.017366 -0.094691
 39900.0  0.009038 -0.017211 -0.094990
 39960.0  0.009084 -0.017057 -0.095285
 40020.0  0.009131 -0.016903 -0.095578
 40080.0  0.009179 -0.016750 -0.095867
 40140.0  0.009227 -0.016596 -0.096153
 40200.0  0.009276 -0.016443 -0.096436
 40260.0  0.009325 -0.016290 -0.096716
 40320.0  0.009376 -0.016137 -0.096992
 40380.0  0.009427 -0.015985 -0.097266
 40440.0  0.009479 -0.015832 -0.097536
 40500.0  0.009531 -0.015680 -0.097804
 40560.0  0.009585 -0.015529 -0.098068
 40620.0  0.009638 -0.015377 -0.098329
 40680.0  0.009693 -0.015226 -0.098587
 40740.0  0.009748 -0.015075 -0.098843
 40800.0  0.009804 -0.014924 -0.099095
 40860.0  0.009861 -0.014774 -0.099344
 40920.0  0.009919 -0.014624 -0.099589
 40980.0  0.009977 -0.014474 -0.099832
 41040.0  0.010035 -0.014325 -0.100072
 41100.0  0.010095 -0.014176 -0.100309
 41160.0  0.010155 -0.014027 -0.100543
 41220.0  0.010215 -0.013879 -0.100774
 41280.0  0.010277 -0.013731 -0.101002
 41340.0  0.010339 -0.013583 -0.101227
 41400.0  0.010401 -0.013436 -0.101449
 41460.0  0.010465 -0.013289 -0.101668
 41520.0  0.010529 -0.013143 -0.101884
 41580.0  0.010593 -0.012996 -0.102097
 41640.0  0.010658 -0.012851 -0.102307
 41700.0  0.010724 -0.012706 -0.102514
 41760.0  0.010790 -0.012561 -0.102719
 41820.0  0.010857 -0.012416 -0.102920
 41880.0  0.010925 -0.012272 -0.103119
 41940.0  0.010993 -0.012129 -0.103315
 42000.0  0.011062 -0.011986 -0.103507
 42060.0  0.011131 -0.011843 -0.103697
 42120.0  0.011201 -0.011701 -0.103885
 42180.0  0.011271 -0.011559 -0.104069
 42240.0  0.011342 -0.011418 -0.104251
 42300.0  0.011414 -0.011277 -0.104429
 42360.0  0.011486 -0.011137 -0.104605
 42420.0  0.011559 -0.010998 -0.104778
 42480.0  0.011632 -0.010858 -0.104949
 42540.0  0.011706 -0.010720 -0.105116
 42600.0  0.011780 -0.010581 -0.105281
 42660.0  0.011855 -0.010444 -0.105443
 42720.0  0.011930 -0.010307 -0.105603
 42780.0  0.012006 -0.010170 -0.105760
 42840.0  0.012082 -0.010034 -0.105914
 42900.0  0.012159 -0.009899 -0.106065
 42960.0  0.012236 -0.009764 -0.106214
 43020.0  0.012314 -0.009629 -0.106360
 43080.0  0.012392 -0.009495 -0.106503
 43140.0  0.012471 -0.009362 -0.106644
 43200.0  0.012550 -0.009230 -0.106782
 43260.0  0.012630 -0.009098 -0.106918
 43320.0  0.012710 -0.008966 -0.107051
 43380.0  0.012791 -0.008835 -0.107181
 43440.0  0.012872 -0.008705 -0.107309
 43500.0  0.012953 -0.008575 -0.107434
 43560.0  0.013035 -0.008446 -0.107557
 43620.0  0.013118 -0.008318 -0.107677
 43680.0  0.013200 -0.008190 -0.107795
 43740.0  0.013284 -0.008063 -0.107910
 43800.0  0.013367 -0.007936 -0.108023
 43860.0  0.013451 -0.007811 -0.108133
 43920.0  0.013536 -0.007685 -0.108241
 43980.0  0.013620 -0.007561 -0.108347
 44040.0  0.013705 -0.007437 -0.108450
 44100.0  0.013791 -0.007314 -0.108550
 44160.0  0.013877 -0.007191 -0.108649
 44220.0  0.013963 -0.007069 -0.108745
 44280.0  0.014050 -0.006948 -0.108838
 44340.0  0.014137 -0.006827 -0.108929
 44400.0  0.014224 -0.006708 -0.109018
 44460.0  0.014312 -0.006588 -0.109105
 44520.0  0.014400 -0.006470 -0.109189
 44580.0  0.014488 -0.006352 -0.109271
 44640.0  0.014577 -0.006235 -0.109351
 44700.0  0.014666 -0.006119 -0.109429
 44760.0  0.014755 -0.006003 -0.109504
 44820.0  0.014844 -0.005888 -0.109577
 44880.0  0.014934 -0.005774 -0.109648
 44940.0  0.015024 -0.005660 -0.109717
 45000.0  0.015115 -0.005548 -0.109783
 45060.0  0.015205 -0.005436 -0.109848
 45120.0  0.015296 -0.005324 -0.109910
 45180.0  0.015387 -0.005214 -0.109970
 45240.0  0.015479 -0.005104 -0.110029
 45300.0  0.015571 -0.004995 -0.110085
 45360.0  0.015662 -0.004886 -0.110139
 45420.0  0.015755 -0.004779 -0.110191
 45480.0  0.015847 -0.004672 -0.110240
 45540.0  0.015940 -0.004566 -0.110288
 45600.0  0.016032 -0.004461 -0.110334
 45660.0  0.016125 -0.004356 -0.110378
 45720.0  0.016219 -0.004253 -0.110420
 45780.0  0.016312 -0.004150 -0.110460
 45840.0  0.016405 -0.004047 -0.110498
 45900.0  0.016499 -0.003946 -0.110535
 45960.0  0.016593 -0.003845 -0.110569
 46020.0  0.016687 -0.003745 -0.110601
 46080.0  0.016781 -0.003646 -0.110632
 46140.0  0.016876 -0.003548 -0.110661
 46200.0  0.016970 -0.003451 -0.110688
 46260.0  0.017065 -0.003354 -0.110713
 46320.0  0.017160 -0.003258 -0.110736
 46380.0  0.017254 -0.003163 -0.110758
 46440.0  0.017349 -0.003069 -0.110777
 46500.0  0.017444 -0.002975 -0.110796
 46560.0  0.017540 -0.002882 -0.110812
 46620.0  0.017635 -0.002790 -0.110827
 46680.0  0.017730 -0.002699 -0.110840
 46740.0  0.017826 -0.002609 -0.110851
 46800.0  0.017921 -0.002520 -0.110861
 46860.0  0.018017 -0.002431 -0.110869
 46920.0  0.018113 -0.002343 -0.110875
 46980.0  0.018208 -0.002256 -0.110880
 47040.0  0.018304 -0.002170 -0.110883
 47100.0  0.018400 -0.002084 -0.110885
 47160.0  0.018496 -0.002000 -0.110885
 47220.0  0.018591 -0.001916 -0.110884
 47280.0  0.018687 -0.001833 -0.110881
 47340.0  0.018783 -0.001751 -0.110877
 47400.0  0.018879 -0.001670 -0.110871
 47460.0  0.018975 -0.001589 -0.110864
 47520.0  0.019071 -0.001510 -0.110855
 47580.0  0.019166 -0.001431 -0.110845
 47640.0  0.019262 -0.001353 -0.110834
 47700.0  0.019358 -0.001276 -0.110821
 47760.0  0.019454 -0.001199 -0.110806
 47820.0  0.019549 -0.001124 -0.110791
 47880.0  0.019645 -0.001049 -0.110774
 47940.0  0.019741 -0.000975 -0.110756
 48000.0  0.019836 -0.000902 -0.110736
 48060.0  0.019931 -0.000830 -0.110716
 48120.0  0.020027 -0.000759 -0.110694
 48180.0  0.020122 -0.000688 -0.110670
 48240.0  0.020217 -0.000619 -0.110646
 48300.0  0.020312 -0.000550 -0.110620
 48360.0  0.020407 -0.000482 -0.110593
 48420.0  0.020502 -0.000415 -0.110565
 48480.0  0.020597 -0.000348 -0.110536
 48540.0  0.020691 -0.000283 -0.110506
 48600.0  0.020786 -0.000218 -0.110475
 48660.0  0.020880 -0.000154 -0.110442
 48720.0  0.020974 -0.000091 -0.110409
 48780.0  0.021068 -0.000029 -0.110374
 48840.0  0.021162  0.000033 -0.110338
 48900.0  0.021256  0.000093 -0.110302
 48960.0  0.021350  0.000153 -0.110264
 49020.0  0.021443  0.000212 -0.110225
 49080.0  0.021536  0.000270 -0.110186
 49140.0  0.021629  0.000327 -0.110145
 49200.0  0.021722  0.000384 -0.110104
 49260.0  0.021814  0.000440 -0.110061
 49320.0  0.021907  0.000494 -0.110018
 49380.0  0.021999  0.000549 -0.109974
 49440.0  0.022091  0.000602 -0.109928
 49500.0  0.022182  0.000654 -0.109883
 49560.0  0.022274  0.000706 -0.109836
 49620.0  0.022365  0.000757 -0.109788
 49680.0  0.022456  0.000807 -0.109740
 49740.0  0.022547  0.000856 -0.109691
 49800.0  0.022637  0.000904 -0.109641
 49860.0  0.022727  0.000952 -0.109590
 49920.0  0.022817  0.000999 -0.109538
 49980.0  0.022907  0.001045 -0.109486
 50040.0  0.022996  0.001090 -0.109433
 50100.0  0.023085  0.001134 -0.109380
 50160.0  0.023174  0.001178 -0.109326
 50220.0  0.023262  0.001221 -0.109271
 50280.0  0.023350  0.001263 -0.109215
 50340.0  0.023438  0.001304 -0.109159
 50400.0  0.023526  0.001344 -0.109103
 50460.0  0.023613  0.001384 -0.109045
 50520.0  0.023700  0.001423 -0.108988
 50580.0  0.023786  0.001461 -0.108929
 50640.0  0.023872  0.001499 -0.108870
 50700.0  0.023958  0.001535 -0.108811
 50760.0  0.024043  0.001571 -0.108751
 50820.0  0.024128  0.001606 -0.108690
 50880.0  0.024213  0.001640 -0.108630
 50940.0  0.024297  0.001674 -0.108568
 51000.0  0.024381  0.001707 -0.108506
 51060.0  0.024465  0.001739 -0.108444
 51120.0  0.024548  0.001770 -0.108381
 51180.0  0.024630  0.001801 -0.108318
 51240.0  0.024713  0.001831 -0.108255
 51300.0  0.024795  0.001860 -0.108191
 51360.0  0.024876  0.001888 -0.108127
 51420.0  0.024957  0.001916 -0.108063
 51480.0  0.025038  0.001943 -0.107998
 51540.0  0.025118  0.001969 -0.107933
 51600.0  0.025198  0.001995 -0.107867
 51660.0  0.025277  0.002019 -0.107802
 51720.0  0.025356  0.002043 -0.107736
 51780.0  0.025434  0.002067 -0.107670
 51840.0  0.025512  0.002089 -0.107603
 51900.0  0.025590  0.002111 -0.107537
 51960.0  0.025667  0.002133 -0.107470
 52020.0  0.025743  0.002153 -0.107403
 52080.0  0.025819  0.002173 -0.107336
 52140.0  0.025895  0.002192 -0.107269
 52200.0  0.025970  0.002211 -0.107201
 52260.0  0.026044  0.002229 -0.107133
 52320.0  0.026119  0.002246 -0.107066
 52380.0  0.026192  0.002263 -0.106998
 52440.0  0.026265  0.002278 -0.106930
 52500.0  0.026338  0.002294 -0.106862
 52560.0  0.026410  0.002308 -0.106794
 52620.0  0.026481  0.002322 -0.106726
 52680.0  0.026552  0.002335 -0.106658
 52740.0  0.026623  0.002348 -0.106590
 52800.0  0.026693  0.002360 -0.106521
 52860.0  0.026762  0.002372 -0.106453
 52920.0  0.026831  0.002382 -0.106385
 52980.0  0.026899  0.002392 -0.106317
 53040.0  0.026967  0.002402 -0.106249
 53100.0  0.027034  0.002411 -0.106181
 53160.0  0.027100  0.002419 -0.106113
 53220.0  0.027166  0.002427 -0.106045
 53280.0  0.027232  0.002434 -0.105977
 53340.0  0.027297  0.002441 -0.105909
 53400.0  0.027361  0.002447 -0.105841
 53460.0  0.027425  0.002452 -0.105774
 53520.0  0.027488  0.002457 -0.105707
 53580.0  0.027550  0.002461 -0.105639
 53640.0  0.027612  0.002465 -0.105572
 53700.0  0.027674  0.002468 -0.105505
 53760.0  0.027734  0.002471 -0.105438
 53820.0  0.027794  0.002473 -0.105372
 53880.0  0.027854  0.002474 -0.105306
 53940.0  0.027913  0.002475 -0.105239
 54000.0  0.027971  0.002476 -0.105173
 54060.0  0.028028  0.002476 -0.105108
 54120.0  0.028085  0.002475 -0.105042
 54180.0  0.028142  0.002474 -0.104977
 54240.0  0.028197  0.002472 -0.104912
 54300.0  0.028253  0.002470 -0.104847
 54360.0  0.028307  0.002468 -0.104783
 54420.0  0.028361  0.002465 -0.104719
 54480.0  0.028414  0.002461 -0.104655
 54540.0  0.028466  0.002457 -0.104591
 54600.0  0.028518  0.002453 -0.104528
 54660.0  0.028569  0.002448 -0.104465
 54720.0  0.028620  0.002442 -0.104403
 54780.0  0.028670  0.002436 -0.104340
 54840.0  0.028719  0.002430 -0.104279
 54900.0  0.028767  0.002423 -0.104217
 54960.0  0.028815  0.002416 -0.104156
 55020.0  0.028862  0.002409 -0.104095
 55080.0  0.028909  0.002401 -0.104035
 55140.0  0.028954  0.002392 -0.103975
 55200.0  0.029000  0.002383 -0.103915
 55260.0  0.029044  0.002374 -0.103856
 55320.0  0.029088  0.002365 -0.103797
 55380.0  0.029131  0.002355 -0.103739
 55440.0  0.029173  0.002344 -0.103681
 55500.0  0.029215  0.002333 -0.103623
 55560.0  0.029255  0.002322 -0.103566
 55620.0  0.029296  0.002311 -0.103510
 55680.0  0.029335  0.002299 -0.103454
 55740.0  0.029374  0.002287 -0.103398
 55800.0  0.029412  0.002274 -0.103343
 55860.0  0.029449  0.002261 -0.103288
 55920.0  0.029486  0.002248 -0.103234
 55980.0  0.029522  0.002235 -0.103180
 56040.0  0.029557  0.002221 -0.103127
 56100.0  0.029592  0.002207 -0.103074
 56160.0  0.029625  0.002192 -0.103022
 56220.0  0.029658  0.002177 -0.102970
 56280.0  0.029691  0.002162 -0.102919
 56340.0  0.029722  0.002147 -0.102868
 56400.0  0.029753  0.002131 -0.102818
 56460.0  0.029783  0.002115 -0.102769
 56520.0  0.029813  0.002099 -0.102719
 56580.0  0.029841  0.002083 -0.102671
 56640.0  0.029869  0.002066 -0.102623
 56700.0  0.029896  0.002049 -0.102575
 56760.0  0.029923  0.002032 -0.102529
 56820.0  0.029949  0.002015 -0.102482
 56880.0  0.029974  0.001997 -0.102436
 56940.0  0.029998  0.001980 -0.102391
 57000.0  0.030021  0.001962 -0.102347
 57060.0  0.030044  0.001943 -0.102303
 57120.0  0.030066  0.001925 -0.102259
 57180.0  0.030087  0.001906 -0.102216
 57240.0  0.030108  0.001888 -0.102174
 57300.0  0.030127  0.001869 -0.102132
 57360.0  0.030146  0.001850 -0.102091
 57420.0  0.030164  0.001830 -0.102050
 57480.0  0.030182  0.001811 -0.102010
 57540.0  0.030199  0.001791 -0.101971
 57600.0  0.030215  0.001772 -0.101932
 57660.0  0.030230  0.001752 -0.101894
 57720.0  0.030244  0.001732 -0.101857
 57780.0  0.030258  0.001712 -0.101820
 57840.0  0.030271  0.001691 -0.101783
 57900.0  0.030283  0.001671 -0.101747
 57960.0  0.030294  0.001651 -0.101712
 58020.0  0.030305  0.001630 -0.101678
 58080.0  0.030315  0.001610 -0.101644
 58140.0  0.030324  0.001589 -0.101610
 58200.0  0.030332  0.001568 -0.101578
 58260.0  0.030340  0.001548 -0.101546
 58320.0  0.030347  0.001527 -0.101514
 58380.0  0.030353  0.001506 -0.101483
 58440.0  0.030358  0.001485 -0.101453
 58500.0  0.030363  0.001464 -0.101423
 58560.0  0.030367  0.001443 -0.101394
 58620.0  0.030370  0.001422 -0.101366
 58680.0  0.030372  0.001401 -0.101338
 58740.0  0.030374  0.001380 -0.101311
 58800.0  0.030375  0.001359 -0.101284
 58860.0  0.030375  0.001338 -0.101258
 58920.0  0.030374  0.001317 -0.101233
 58980.0  0.030372  0.001296 -0.101208
 59040.0  0.030370  0.001275 -0.101184
 59100.0  0.030367  0.001254 -0.101161
 59160.0  0.030363  0.001233 -0.101138
 59220.0  0.030359  0.001212 -0.101115
 59280.0  0.030354  0.001191 -0.101094
 59340.0  0.030348  0.001171 -0.101072
 59400.0  0.030341  0.001150 -0.101052
 59460.0  0.030334  0.001129 -0.101032
 59520.0  0.030325  0.001109 -0.101013
 59580.0  0.030316  0.001088 -0.100994
 59640.0  0.030307  0.001068 -0.100976
 59700.0  0.030296  0.001048 -0.100958
 59760.0  0.030285  0.001028 -0.100941
 59820.0  0.030273  0.001008 -0.100925
 59880.0  0.030260  0.000988 -0.100909
 59940.0  0.030247  0.000968 -0.100893
 60000.0  0.030233  0.000948 -0.100879
 60060.0  0.030218  0.000929 -0.100864
 60120.0  0.030202  0.000909 -0.100851
 60180.0  0.030186  0.000890 -0.100838
 60240.0  0.030169  0.000871 -0.100825
 60300.0  0.030151  0.000852 -0.100813
 60360.0  0.030132  0.000834 -0.100802
 60420.0  0.030113  0.000815 -0.100791
 60480.0  0.030093  0.000797 -0.100781
 60540.0  0.030072  0.000779 -0.100771
 60600.0  0.030051  0.000761 -0.100761
 60660.0  0.030029  0.000743 -0.100753
 60720.0  0.030006  0.000726 -0.100744
 60780.0  0.029982  0.000708 -0.100737
 60840.0  0.029958  0.000691 -0.100729
 60900.0  0.029933  0.000674 -0.100723
 60960.0  0.029907  0.000658 -0.100716
 61020.0  0.029881  0.000641 -0.100711
 61080.0  0.029854  0.000625 -0.100705
 61140.0  0.029826  0.000609 -0.100700
 61200.0  0.029797  0.000594 -0.100696
 61260.0  0.029768  0.000579 -0.100692
 61320.0  0.029738  0.000563 -0.100689
 61380.0  0.029707  0.000549 -0.100686
 61440.0  0.029676  0.000534 -0.100683
 61500.0  0.029644  0.000520 -0.100681
 61560.0  0.029611  0.000506 -0.100679
 61620.0  0.029578  0.000493 -0.100678
 61680.0  0.029544  0.000479 -0.100677
 61740.0  0.029509  0.000466 -0.100677
 61800.0  0.029474  0.000454 -0.100677
 61860.0  0.029438  0.000442 -0.100677
 61920.0  0.029401  0.000430 -0.100678
 61980.0  0.029364  0.000418 -0.100679
 62040.0  0.029326  0.000407 -0.100680
 62100.0  0.029287  0.000396 -0.100682
 62160.0  0.029248  0.000385 -0.100684
 62220.0  0.029208  0.000375 -0.100687
 62280.0  0.029167  0.000365 -0.100690
 62340.0  0.029126  0.000356 -0.100693
 62400.0  0.029084  0.000347 -0.100697
 62460.0  0.029041  0.000338 -0.100700
 62520.0  0.028998  0.000330 -0.100705
 62580.0  0.028954  0.000322 -0.100709
 62640.0  0.028910  0.000314 -0.100714
 62700.0  0.028865  0.000307 -0.100719
 62760.0  0.028819  0.000300 -0.100724
 62820.0  0.028773  0.000294 -0.100730
 62880.0  0.028726  0.000288 -0.100735
 62940.0  0.028678  0.000283 -0.100741
 63000.0  0.028630  0.000278 -0.100748
 63060.0  0.028581  0.000273 -0.100754
 63120.0  0.028532  0.000269 -0.100761
 63180.0  0.028482  0.000266 -0.100768
 63240.0  0.028432  0.000262 -0.100775
 63300.0  0.028381  0.000260 -0.100782
 63360.0  0.028329  0.000257 -0.100789
 63420.0  0.028277  0.000256 -0.100797
 63480.0  0.028224  0.000254 -0.100805
 63540.0  0.028170  0.000253 -0.100812
 63600.0  0.028116  0.000253 -0.100820
 63660.0  0.028062  0.000253 -0.100828
 63720.0  0.028007  0.000254 -0.100837
 63780.0  0.027951  0.000255 -0.100845
 63840.0  0.027895  0.000256 -0.100853
 63900.0  0.027838  0.000258 -0.100862
 63960.0  0.027781  0.000261 -0.100870
 64020.0  0.027723  0.000264 -0.100879
 64080.0  0.027665  0.000268 -0.100888
 64140.0  0.027606  0.000272 -0.100896
 64200.0  0.027547  0.000277 -0.100905
 64260.0  0.027487  0.000282 -0.100914
 64320.0  0.027426  0.000287 -0.100922
 64380.0  0.027365  0.000294 -0.100931
 64440.0  0.027304  0.000301 -0.100940
 64500.0  0.027242  0.000308 -0.100948
 64560.0  0.027179  0.000316 -0.100957
 64620.0  0.027117  0.000324 -0.100965
 64680.0  0.027053  0.000333 -0.100974
 64740.0  0.026989  0.000343 -0.100982
 64800.0  0.026925  0.000353 -0.100990
 64860.0  0.026860  0.000364 -0.100998
 64920.0  0.026795  0.000375 -0.101006
 64980.0  0.026729  0.000387 -0.101014
 65040.0  0.026663  0.000399 -0.101022
 65100.0  0.026596  0.000412 -0.101029
 65160.0  0.026529  0.000426 -0.101037
 65220.0  0.026462  0.000440 -0.101044
 65280.0  0.026394  0.000455 -0.101051
 65340.0  0.026325  0.000471 -0.101058
 65400.0  0.026256  0.000487 -0.101064
 65460.0  0.026187  0.000503 -0.101070
 65520.0  0.026117  0.000520 -0.101076
 65580.0  0.026047  0.000538 -0.101082
 65640.0  0.025977  0.000557 -0.101088
 65700.0  0.025906  0.000576 -0.101093
 65760.0  0.025835  0.000595 -0.101098
 65820.0  0.025763  0.000616 -0.101102
 65880.0  0.025691  0.000636 -0.101107
 65940.0  0.025618  0.000658 -0.101111
 66000.0  0.025546  0.000680 -0.101114
 66060.0  0.025472  0.000703 -0.101117
 66120.0  0.025399  0.000726 -0.101120
 66180.0  0.025325  0.000750 -0.101123
 66240.0  0.025251  0.000775 -0.101125
 66300.0  0.025176  0.000800 -0.101126
 66360.0  0.025101  0.000826 -0.101128
 66420.0  0.025026  0.000853 -0.101128
 66480.0  0.024950  0.000880 -0.101128
 66540.0  0.024874  0.000908 -0.101128
 66600.0  0.024798  0.000937 -0.101128
 66660.0  0.024721  0.000966 -0.101126
 66720.0  0.024645  0.000996 -0.101125
 66780.0  0.024567  0.001026 -0.101122
 66840.0  0.024490  0.001058 -0.101119
 66900.0  0.024412  0.001089 -0.101116
 66960.0  0.024334  0.001122 -0.101112
 67020.0  0.024256  0.001155 -0.101108
 67080.0  0.024177  0.001189 -0.101102
 67140.0  0.024098  0.001223 -0.101097
 67200.0  0.024019  0.001259 -0.101090
 67260.0  0.023940  0.001294 -0.101083
 67320.0  0.023860  0.001331 -0.101075
 67380.0  0.023780  0.001368 -0.101067
 67440.0  0.023700  0.001406 -0.101058
 67500.0  0.023620  0.001445 -0.101048
 67560.0  0.023539  0.001484 -0.101038
 67620.0  0.023458  0.001524 -0.101027
 67680.0  0.023377  0.001564 -0.101015
 67740.0  0.023296  0.001605 -0.101002
 67800.0  0.023215  0.001647 -0.100988
 67860.0  0.023133  0.001690 -0.100974
 67920.0  0.023051  0.001733 -0.100959
 67980.0  0.022969  0.001777 -0.100943
 68040.0  0.022887  0.001822 -0.100926
 68100.0  0.022804  0.001867 -0.100909
 68160.0  0.022722  0.001913 -0.100891
 68220.0  0.022639  0.001960 -0.100871
 68280.0  0.022556  0.002007 -0.100851
 68340.0  0.022473  0.002055 -0.100830
 68400.0  0.022390  0.002104 -0.100808
 68460.0  0.022307  0.002153 -0.100785
 68520.0  0.022223  0.002203 -0.100761
 68580.0  0.022140  0.002254 -0.100736
 68640.0  0.022056  0.002306 -0.100711
 68700.0  0.021972  0.002358 -0.100684
 68760.0  0.021888  0.002411 -0.100656
 68820.0  0.021804  0.002464 -0.100627
 68880.0  0.021720  0.002518 -0.100597
 68940.0  0.021636  0.002573 -0.100566
 69000.0  0.021552  0.002629 -0.100534
 69060.0  0.021467  0.002685 -0.100501
 69120.0  0.021383  0.002742 -0.100467
 69180.0  0.021298  0.002800 -0.100432
 69240.0  0.021214  0.002858 -0.100396
 69300.0  0.021129  0.002917 -0.100358
 69360.0  0.021044  0.002977 -0.100320
 69420.0  0.020960  0.003037 -0.100280
 69480.0  0.020875  0.003098 -0.100239
 69540.0  0.020790  0.003160 -0.100197
 69600.0  0.020705  0.003222 -0.100154
 69660.0  0.020620  0.003285 -0.100109
 69720.0  0.020535  0.003349 -0.100064
 69780.0  0.020451  0.003413 -0.100017
 69840.0  0.020366  0.003478 -0.099968
 69900.0  0.020281  0.003544 -0.099919
 69960.0  0.020196  0.003610 -0.099868
 70020.0  0.020111  0.003677 -0.099816
 70080.0  0.020026  0.003745 -0.099762
 70140.0  0.019942  0.003813 -0.099708
 70200.0  0.019857  0.003882 -0.099652
 70260.0  0.019772  0.003952 -0.099594
 70320.0  0.019687  0.004022 -0.099535
 70380.0  0.019603  0.004093 -0.099475
 70440.0  0.019518  0.004165 -0.099414
 70500.0  0.019434  0.004237 -0.099351
 70560.0  0.019349  0.004310 -0.099286
 70620.0  0.019265  0.004384 -0.099221
 70680.0  0.019181  0.004458 -0.099153
 70740.0  0.019096  0.004533 -0.099085
 70800.0  0.019012  0.004608 -0.099014
 70860.0  0.018928  0.004685 -0.098943
 70920.0  0.018844  0.004761 -0.098870
 70980.0  0.018761  0.004839 -0.098795
 71040.0  0.018677  0.004917 -0.098719
 71100.0  0.018593  0.004996 -0.098641
 71160.0  0.018510  0.005075 -0.098562
 71220.0  0.018427  0.005155 -0.098481
 71280.0  0.018344  0.005235 -0.098398
 71340.0  0.018261  0.005316 -0.098314
 71400.0  0.018178  0.005398 -0.098228
 71460.0  0.018095  0.005481 -0.098141
 71520.0  0.018013  0.005564 -0.098052
 71580.0  0.017930  0.005647 -0.097962
 71640.0  0.017848  0.005731 -0.097870
 71700.0  0.017766  0.005816 -0.097776
 71760.0  0.017684  0.005902 -0.097680
 71820.0  0.017603  0.005988 -0.097583
 71880.0  0.017521  0.006074 -0.097484
 71940.0  0.017440  0.006161 -0.097383
 72000.0  0.017359  0.006249 -0.097281
 72060.0  0.017278  0.006338 -0.097177
 72120.0  0.017198  0.006426 -0.097071
 72180.0  0.017117  0.006516 -0.096963
 72240.0  0.017037  0.006606 -0.096854
 72300.0  0.016957  0.006697 -0.096743
 72360.0  0.016878  0.006788 -0.096630
 72420.0  0.016798  0.006880 -0.096515
 72480.0  0.016719  0.006972 -0.096398
 72540.0  0.016640  0.007065 -0.096280
 72600.0  0.016562  0.007158 -0.096159
 72660.0  0.016483  0.007252 -0.096037
 72720.0  0.016405  0.007346 -0.095913
 72780.0  0.016327  0.007441 -0.095787
 72840.0  0.016250  0.007537 -0.095660
 72900.0  0.016173  0.007633 -0.095530
 72960.0  0.016096  0.007730 -0.095398
 73020.0  0.016019  0.007827 -0.095265
 73080.0  0.015943  0.007924 -0.095129
 73140.0  0.015867  0.008022 -0.094992
 73200.0  0.015791  0.008121 -0.094853
 73260.0  0.015716  0.008220 -0.094711
 73320.0  0.015641  0.008320 -0.094568
 73380.0  0.015566  0.008420 -0.094423
 73440.0  0.015492  0.008520 -0.094275
 73500.0  0.015418  0.008621 -0.094126
 73560.0  0.015344  0.008723 -0.093975
 73620.0  0.015271  0.008825 -0.093822
 73680.0  0.015198  0.008927 -0.093666
 73740.0  0.015125  0.009030 -0.093509
 73800.0  0.015053  0.009133 -0.093349
 73860.0  0.014981  0.009237 -0.093188
 73920.0  0.014910  0.009342 -0.093024
 73980.0  0.014839  0.009446 -0.092859
 74040.0  0.014768  0.009551 -0.092691
 74100.0  0.014698  0.009657 -0.092521
 74160.0  0.014628  0.009763 -0.092349
 74220.0  0.014559  0.009869 -0.092175
 74280.0  0.014490  0.009976 -0.091999
 74340.0  0.014421  0.010083 -0.091821
 74400.0  0.014353  0.010191 -0.091640
 74460.0  0.014285  0.010299 -0.091458
 74520.0  0.014217  0.010407 -0.091273
 74580.0  0.014150  0.010516 -0.091086
 74640.0  0.014084  0.010625 -0.090897
 74700.0  0.014018  0.010735 -0.090706
 74760.0  0.013952  0.010845 -0.090512
 74820.0  0.013887  0.010955 -0.090317
 74880.0  0.013822  0.011066 -0.090119
 74940.0  0.013758  0.011177 -0.089919
 75000.0  0.013694  0.011288 -0.089716
 75060.0  0.013631  0.011400 -0.089512
 75120.0  0.013568  0.011512 -0.089305
 75180.0  0.013506  0.011624 -0.089096
 75240.0  0.013444  0.011736 -0.088885
 75300.0  0.013382  0.011849 -0.088672
 75360.0  0.013321  0.011963 -0.088456
 75420.0  0.013261  0.012076 -0.088238
 75480.0  0.013201  0.012190 -0.088018
 75540.0  0.013141  0.012304 -0.087795
 75600.0  0.013082  0.012419 -0.087570
 75660.0  0.013024  0.012533 -0.087343
 75720.0  0.012966  0.012648 -0.087114
 75780.0  0.012909  0.012764 -0.086882
 75840.0  0.012852  0.012879 -0.086648
 75900.0  0.012795  0.012995 -0.086412
 75960.0  0.012739  0.013111 -0.086173
 76020.0  0.012684  0.013227 -0.085932
 76080.0  0.012629  0.013343 -0.085689
 76140.0  0.012575  0.013460 -0.085443
 76200.0  0.012521  0.013577 -0.085195
 76260.0  0.012468  0.013694 -0.084945
 76320.0  0.012416  0.013811 -0.084693
 76380.0  0.012364  0.013929 -0.084438
 76440.0  0.012312  0.014047 -0.084180
 76500.0  0.012261  0.014164 -0.083921
 76560.0  0.012211  0.014283 -0.083659
 76620.0  0.012161  0.014401 -0.083394
 76680.0  0.012112  0.014519 -0.083127
 76740.0  0.012063  0.014638 -0.082858
 76800.0  0.012015  0.014756 -0.082587
 76860.0  0.011968  0.014875 -0.082313
 76920.0  0.011921  0.014994 -0.082037
 76980.0  0.011874  0.015113 -0.081758
 77040.0  0.011829  0.015233 -0.081477
 77100.0  0.011783  0.015352 -0.081194
 77160.0  0.011739  0.015471 -0.080908
 77220.0  0.011695  0.015591 -0.080620
 77280.0  0.011652  0.015711 -0.080329
 77340.0  0.011609  0.015830 -0.080036
 77400.0  0.011567  0.015950 -0.079741
 77460.0  0.011525  0.016070 -0.079443
 77520.0  0.011484  0.016190 -0.079143
 77580.0  0.011444  0.016310 -0.078840
 77640.0  0.011404  0.016430 -0.078535
 77700.0  0.011365  0.016550 -0.078228
 77760.0  0.011327  0.016670 -0.077918
 77820.0  0.011289  0.016790 -0.077606
 77880.0  0.011252  0.016910 -0.077291
 77940.0  0.011215  0.017031 -0.076974
 78000.0  0.011179  0.017151 -0.076655
 78060.0  0.011144  0.017271 -0.076333
 78120.0  0.011110  0.017391 -0.076009
 78180.0  0.011076  0.017511 -0.075682
 78240.0  0.011042  0.017631 -0.075353
 78300.0  0.011010  0.017752 -0.075021
 78360.0  0.010978  0.017872 -0.074688
 78420.0  0.010946  0.017992 -0.074351
 78480.0  0.010915  0.018112 -0.074013
 78540.0  0.010885  0.018232 -0.073671
 78600.0  0.010856  0.018351 -0.073328
 78660.0  0.010827  0.018471 -0.072982
 78720.0  0.010799  0.018591 -0.072634
 78780.0  0.010772  0.018710 -0.072283
 78840.0  0.010745  0.018830 -0.071930
 78900.0  0.010719  0.018949 -0.071574
 78960.0  0.010693  0.019068 -0.071217
 79020.0  0.010668  0.019188 -0.070856
 79080.0  0.010644  0.019307 -0.070494
 79140.0  0.010621  0.019425 -0.070129
 79200.0  0.010598  0.019544 -0.069761
 79260.0  0.010576  0.019663 -0.069391
 79320.0  0.010555  0.019781 -0.069019
 79380.0  0.010534  0.019899 -0.068645
 79440.0  0.010514  0.020017 -0.068268
 79500.0  0.010494  0.020135 -0.067888
 79560.0  0.010476  0.020253 -0.067507
 79620.0  0.010458  0.020370 -0.067123
 79680.0  0.010440  0.020488 -0.066736
 79740.0  0.010424  0.020605 -0.066347
 79800.0  0.010408  0.020722 -0.065956
 79860.0  0.010393  0.020838 -0.065563
 79920.0  0.010378  0.020954 -0.065167
 79980.0  0.010364  0.021071 -0.064769
 80040.0  0.010351  0.021186 -0.064369
 80100.0  0.010338  0.021302 -0.063966
 80160.0  0.010327  0.021417 -0.063561
 80220.0  0.010315  0.021532 -0.063153
 80280.0  0.010305  0.021647 -0.062744
 80340.0  0.010295  0.021762 -0.062332
 80400.0  0.010286  0.021876 -0.061917
 80460.0  0.010278  0.021990 -0.061501
 80520.0  0.010270  0.022103 -0.061082
 80580.0  0.010263  0.022216 -0.060661
 80640.0  0.010257  0.022329 -0.060237
 80700.0  0.010252  0.022442 -0.059811
 80760.0  0.010247  0.022554 -0.059383
 80820.0  0.010243  0.022666 -0.058953
 80880.0  0.010239  0.022777 -0.058521
 80940.0  0.010236  0.022888 -0.058086
 81000.0  0.010234  0.022999 -0.057649
 81060.0  0.010233  0.023110 -0.057210
 81120.0  0.010232  0.023219 -0.056769
 81180.0  0.010232  0.023329 -0.056325
 81240.0  0.010233  0.023438 -0.055879
 81300.0  0.010234  0.023547 -0.055431
 81360.0  0.010237  0.023655 -0.054981
 81420.0  0.010239  0.023763 -0.054529
 81480.0  0.010243  0.023870 -0.054074
 81540.0  0.010247  0.023977 -0.053618
 81600.0  0.010252  0.024084 -0.053159
 81660.0  0.010258  0.024190 -0.052698
 81720.0  0.010264  0.024296 -0.052235
 81780.0  0.010271  0.024401 -0.051770
 81840.0  0.010279  0.024505 -0.051302
 81900.0  0.010287  0.024610 -0.050833
 81960.0  0.010296  0.024713 -0.050361
 82020.0  0.010306  0.024816 -0.049888
 82080.0  0.010316  0.024919 -0.049412
 82140.0  0.010328  0.025021 -0.048934
 82200.0  0.010339  0.025123 -0.048455
 82260.0  0.010352  0.025224 -0.047973
 82320.0  0.010365  0.025324 -0.047489
 82380.0  0.010379  0.025424 -0.047003
 82440.0  0.010394  0.025523 -0.046515
 82500.0  0.010409  0.025622 -0.046025
 82560.0  0.010425  0.025720 -0.045533
 82620.0  0.010442  0.025818 -0.045040
 82680.0  0.010459  0.025915 -0.044544
 82740.0  0.010477  0.026012 -0.044046
 82800.0  0.010496  0.026107 -0.043546
 82860.0  0.010515  0.026203 -0.043045
 82920.0  0.010535  0.026297 -0.042541
 82980.0  0.010556  0.026391 -0.042036
 83040.0  0.010578  0.026485 -0.041528
 83100.0  0.010600  0.026577 -0.041019
 83160.0  0.010622  0.026670 -0.040508
 83220.0  0.010646  0.026761 -0.039995
 83280.0  0.010670  0.026852 -0.039480
 83340.0  0.010695  0.026942 -0.038964
 83400.0  0.010720  0.027031 -0.038445
 83460.0  0.010746  0.027120 -0.037925
 83520.0  0.010773  0.027208 -0.037403
 83580.0  0.010801  0.027296 -0.036879
 83640.0  0.010829  0.027382 -0.036354
 83700.0  0.010857  0.027468 -0.035827
 83760.0  0.010887  0.027553 -0.035298
 83820.0  0.010917  0.027638 -0.034767
 83880.0  0.010948  0.027722 -0.034234
 83940.0  0.010979  0.027805 -0.033700
 84000.0  0.011011  0.027887 -0.033164
 84060.0  0.011044  0.027969 -0.032627
 84120.0  0.011077  0.028049 -0.032088
 84180.0  0.011111  0.028130 -0.031547
 84240.0  0.011145  0.028209 -0.031005
 84300.0  0.011181  0.028287 -0.030461
 84360.0  0.011216  0.028365 -0.029915
 84420.0  0.011253  0.028442 -0.029368
 84480.0  0.011290  0.028518 -0.028820
 84540.0  0.011328  0.028593 -0.028270
 84600.0  0.011366  0.028668 -0.027718
 84660.0  0.011405  0.028742 -0.027165
 84720.0  0.011445  0.028815 -0.026610
 84780.0  0.011485  0.028887 -0.026054
 84840.0  0.011526  0.028958 -0.025496
 84900.0  0.011567  0.029028 -0.024937
 84960.0  0.011609  0.029098 -0.024377
 85020.0  0.011652  0.029167 -0.023815
 85080.0  0.011695  0.029234 -0.023252
 85140.0  0.011739  0.029301 -0.022687
 85200.0  0.011783  0.029367 -0.022121
 85260.0  0.011828  0.029433 -0.021554
 85320.0  0.011874  0.029497 -0.020985
 85380.0  0.011920  0.029561 -0.020415
 85440.0  0.011967  0.029623 -0.019844
 85500.0  0.012014  0.029685 -0.019271
 85560.0  0.012062  0.029746 -0.018698
 85620.0  0.012110  0.029805 -0.018123
 85680.0  0.012160  0.029864 -0.017546
 85740.0  0.012209  0.029922 -0.016969
 85800.0  0.012259  0.029979 -0.016391
 85860.0  0.012310  0.030036 -0.015811
 85920.0  0.012361  0.030091 -0.015230
 85980.0  0.012413  0.030145 -0.014648
 86040.0  0.012466  0.030199 -0.014065
 86100.0  0.012519  0.030251 -0.013481
 86160.0  0.012572  0.030302 -0.012896
 86220.0  0.012626  0.030353 -0.012309
 86280.0  0.012681  0.030402 -0.011722
 86340.0  0.012736  0.030451 -0.011134
 86400.0  0.012792  0.030498 -0.010545
